<?xml version="1.0" encoding="utf-8"?>
<COLLADA xmlns:xsi="http://www.w3.org/2001/XMLSchema-instance" xmlns:xsd="http://www.w3.org/2001/XMLSchema" version="1.4.1" xmlns="http://www.collada.org/2005/11/COLLADASchema">
  <asset>
    <contributor>
      <author />
      <authoring_tool>Unity3D 5.6.3f1 - COLLADA exporter v1.6.3</authoring_tool>
      <comments />
      <copyright />
      <source_data />
    </contributor>
    <created>2017-10-14T22:59:46.543357-07:00</created>
    <modified>2017-10-14T22:59:46.54341-07:00</modified>
    <unit meter="1" name="meter" />
    <up_axis>Y_UP</up_axis>
  </asset>
  <library_animations>
    <animation>
      <source id="_3c8dc72ac1a36d74abd192598ed6fe69_TusksAttack2_1-input">
        <float_array id="_3c8dc72ac1a36d74abd192598ed6fe69_TusksAttack2_1-input-array" count="41">0.000000 0.033300 0.066600 0.100000 0.133300 0.166600 0.200000 0.233300 0.266600 0.300000 0.333300 0.366600 0.400000 0.433300 0.466600 0.500000 0.533300 0.566600 0.600000 0.633300 0.666600 0.700000 0.733300 0.766600 0.800000 0.833300 0.866600 0.900000 0.933300 0.966600 1.000000 1.033300 1.066600 1.100000 1.133300 1.166600 1.200000 1.233300 1.266600 1.300000 1.333300</float_array>
        <technique_common>
          <accessor count="41" source="#_3c8dc72ac1a36d74abd192598ed6fe69_TusksAttack2_1-input-array">
            <param name="TIME" type="float" />
          </accessor>
        </technique_common>
      </source>
      <source id="_3c8dc72ac1a36d74abd192598ed6fe69_TusksAttack2_1-output">
        <float_array id="_3c8dc72ac1a36d74abd192598ed6fe69_TusksAttack2_1-output-array" count="656">

1.000000 0.000000 0.000000 0.000000 
0.000000 0.000000 1.000000 0.000000 
0.000000 -1.000000 0.000000 0.000000 
0.000000 0.000000 0.000000 1.000000 

1.000000 0.000000 0.000000 0.000000 
0.000000 0.000000 1.000000 0.000000 
0.000000 -1.000000 0.000000 0.000000 
0.000000 0.000000 0.000000 1.000000 

1.000000 0.000000 0.000000 0.000000 
0.000000 0.000000 1.000000 0.000000 
0.000000 -1.000000 0.000000 0.000000 
0.000000 0.000000 0.000000 1.000000 

1.000000 0.000000 0.000000 0.000000 
0.000000 0.000000 1.000000 0.000000 
0.000000 -1.000000 0.000000 0.000000 
0.000000 0.000000 0.000000 1.000000 

1.000000 0.000000 0.000000 0.000000 
0.000000 0.000000 1.000000 0.000000 
0.000000 -1.000000 0.000000 0.000000 
0.000000 0.000000 0.000000 1.000000 

1.000000 0.000000 0.000000 0.000000 
0.000000 0.000000 1.000000 0.000000 
0.000000 -1.000000 0.000000 0.000000 
0.000000 0.000000 0.000000 1.000000 

1.000000 0.000000 0.000000 0.000000 
0.000000 0.000000 1.000000 0.000000 
0.000000 -1.000000 0.000000 0.000000 
0.000000 0.000000 0.000000 1.000000 

1.000000 0.000000 0.000000 0.000000 
0.000000 0.000000 1.000000 0.000000 
0.000000 -1.000000 0.000000 0.000000 
0.000000 0.000000 0.000000 1.000000 

1.000000 0.000000 0.000000 0.000000 
0.000000 0.000000 1.000000 0.000000 
0.000000 -1.000000 0.000000 0.000000 
0.000000 0.000000 0.000000 1.000000 

1.000000 0.000000 0.000000 0.000000 
0.000000 0.000000 1.000000 0.000000 
0.000000 -1.000000 0.000000 0.000000 
0.000000 0.000000 0.000000 1.000000 

1.000000 0.000000 0.000000 0.000000 
0.000000 0.000000 1.000000 0.000000 
0.000000 -1.000000 0.000000 0.000000 
0.000000 0.000000 0.000000 1.000000 

1.000000 0.000000 0.000000 0.000000 
0.000000 0.000000 1.000000 0.000000 
0.000000 -1.000000 0.000000 0.000000 
0.000000 0.000000 0.000000 1.000000 

1.000000 0.000000 0.000000 0.000000 
0.000000 0.000000 1.000000 0.000000 
0.000000 -1.000000 0.000000 0.000000 
0.000000 0.000000 0.000000 1.000000 

1.000000 0.000000 0.000000 0.000000 
0.000000 0.000000 1.000000 0.000000 
0.000000 -1.000000 0.000000 0.000000 
0.000000 0.000000 0.000000 1.000000 

1.000000 0.000000 0.000000 0.000000 
0.000000 0.000000 1.000000 0.000000 
0.000000 -1.000000 0.000000 0.000000 
0.000000 0.000000 0.000000 1.000000 

1.000000 0.000000 0.000000 0.000000 
0.000000 0.000000 1.000000 0.000000 
0.000000 -1.000000 0.000000 0.000000 
0.000000 0.000000 0.000000 1.000000 

1.000000 0.000000 0.000000 0.000000 
0.000000 0.000000 1.000000 0.000000 
0.000000 -1.000000 0.000000 0.000000 
0.000000 0.000000 0.000000 1.000000 

1.000000 0.000000 0.000000 0.000000 
0.000000 0.000000 1.000000 0.000000 
0.000000 -1.000000 0.000000 0.000000 
0.000000 0.000000 0.000000 1.000000 

1.000000 0.000000 0.000000 0.000000 
0.000000 0.000000 1.000000 0.000000 
0.000000 -1.000000 0.000000 0.000000 
0.000000 0.000000 0.000000 1.000000 

1.000000 0.000000 0.000000 0.000000 
0.000000 0.000000 1.000000 0.000000 
0.000000 -1.000000 0.000000 0.000000 
0.000000 0.000000 0.000000 1.000000 

1.000000 0.000000 0.000000 0.000000 
0.000000 0.000000 1.000000 0.000000 
0.000000 -1.000000 0.000000 0.000000 
0.000000 0.000000 0.000000 1.000000 

1.000000 0.000000 0.000000 0.000000 
0.000000 0.000000 1.000000 0.000000 
0.000000 -1.000000 0.000000 0.000000 
0.000000 0.000000 0.000000 1.000000 

1.000000 0.000000 0.000000 0.000000 
0.000000 0.000000 1.000000 0.000000 
0.000000 -1.000000 0.000000 0.000000 
0.000000 0.000000 0.000000 1.000000 

1.000000 0.000000 0.000000 0.000000 
0.000000 0.000000 1.000000 0.000000 
0.000000 -1.000000 0.000000 0.000000 
0.000000 0.000000 0.000000 1.000000 

1.000000 0.000000 0.000000 0.000000 
0.000000 0.000000 1.000000 0.000000 
0.000000 -1.000000 0.000000 0.000000 
0.000000 0.000000 0.000000 1.000000 

1.000000 0.000000 0.000000 0.000000 
0.000000 0.000000 1.000000 0.000000 
0.000000 -1.000000 0.000000 0.000000 
0.000000 0.000000 0.000000 1.000000 

1.000000 0.000000 0.000000 0.000000 
0.000000 0.000000 1.000000 0.000000 
0.000000 -1.000000 0.000000 0.000000 
0.000000 0.000000 0.000000 1.000000 

1.000000 0.000000 0.000000 0.000000 
0.000000 0.000000 1.000000 0.000000 
0.000000 -1.000000 0.000000 0.000000 
0.000000 0.000000 0.000000 1.000000 

1.000000 0.000000 0.000000 0.000000 
0.000000 0.000000 1.000000 0.000000 
0.000000 -1.000000 0.000000 0.000000 
0.000000 0.000000 0.000000 1.000000 

1.000000 0.000000 0.000000 0.000000 
0.000000 0.000000 1.000000 0.000000 
0.000000 -1.000000 0.000000 0.000000 
0.000000 0.000000 0.000000 1.000000 

1.000000 0.000000 0.000000 0.000000 
0.000000 0.000000 1.000000 0.000000 
0.000000 -1.000000 0.000000 0.000000 
0.000000 0.000000 0.000000 1.000000 

1.000000 0.000000 0.000000 0.000000 
0.000000 0.000000 1.000000 0.000000 
0.000000 -1.000000 0.000000 0.000000 
0.000000 0.000000 0.000000 1.000000 

1.000000 0.000000 0.000000 0.000000 
0.000000 0.000000 1.000000 0.000000 
0.000000 -1.000000 0.000000 0.000000 
0.000000 0.000000 0.000000 1.000000 

1.000000 0.000000 0.000000 0.000000 
0.000000 0.000000 1.000000 0.000000 
0.000000 -1.000000 0.000000 0.000000 
0.000000 0.000000 0.000000 1.000000 

1.000000 0.000000 0.000000 0.000000 
0.000000 0.000000 1.000000 0.000000 
0.000000 -1.000000 0.000000 0.000000 
0.000000 0.000000 0.000000 1.000000 

1.000000 0.000000 0.000000 0.000000 
0.000000 0.000000 1.000000 0.000000 
0.000000 -1.000000 0.000000 0.000000 
0.000000 0.000000 0.000000 1.000000 

1.000000 0.000000 0.000000 0.000000 
0.000000 0.000000 1.000000 0.000000 
0.000000 -1.000000 0.000000 0.000000 
0.000000 0.000000 0.000000 1.000000 

1.000000 0.000000 0.000000 0.000000 
0.000000 0.000000 1.000000 0.000000 
0.000000 -1.000000 0.000000 0.000000 
0.000000 0.000000 0.000000 1.000000 

1.000000 0.000000 0.000000 0.000000 
0.000000 0.000000 1.000000 0.000000 
0.000000 -1.000000 0.000000 0.000000 
0.000000 0.000000 0.000000 1.000000 

1.000000 0.000000 0.000000 0.000000 
0.000000 0.000000 1.000000 0.000000 
0.000000 -1.000000 0.000000 0.000000 
0.000000 0.000000 0.000000 1.000000 

1.000000 0.000000 0.000000 0.000000 
0.000000 0.000000 1.000000 0.000000 
0.000000 -1.000000 0.000000 0.000000 
0.000000 0.000000 0.000000 1.000000</float_array>
        <technique_common>
          <accessor count="41" source="#_3c8dc72ac1a36d74abd192598ed6fe69_TusksAttack2_1-output-array" stride="16">
            <param name="TRANSFORM" type="float4x4" />
          </accessor>
        </technique_common>
      </source>
      <source id="_3c8dc72ac1a36d74abd192598ed6fe69_TusksAttack2_1-interpolation">
        <Name_array id="_3c8dc72ac1a36d74abd192598ed6fe69_TusksAttack2_1-interpolation-array" count="41">LINEAR LINEAR LINEAR LINEAR LINEAR LINEAR LINEAR LINEAR LINEAR LINEAR LINEAR LINEAR LINEAR LINEAR LINEAR LINEAR LINEAR LINEAR LINEAR LINEAR LINEAR LINEAR LINEAR LINEAR LINEAR LINEAR LINEAR LINEAR LINEAR LINEAR LINEAR LINEAR LINEAR LINEAR LINEAR LINEAR LINEAR LINEAR LINEAR LINEAR LINEAR </Name_array>
        <technique_common>
          <accessor count="41" source="#_3c8dc72ac1a36d74abd192598ed6fe69_TusksAttack2_1-interpolation-array">
            <param name="INTERPOLATION" type="name" />
          </accessor>
        </technique_common>
      </source>
      <sampler id="_3c8dc72ac1a36d74abd192598ed6fe69_TusksAttack2_1-sampler">
        <input semantic="INPUT" source="#_3c8dc72ac1a36d74abd192598ed6fe69_TusksAttack2_1-input" />
        <input semantic="OUTPUT" source="#_3c8dc72ac1a36d74abd192598ed6fe69_TusksAttack2_1-output" />
        <input semantic="INTERPOLATION" source="#_3c8dc72ac1a36d74abd192598ed6fe69_TusksAttack2_1-interpolation" />
      </sampler>
      <channel source="#_3c8dc72ac1a36d74abd192598ed6fe69_TusksAttack2_1-sampler" target="_-353346/matrix" />
      <source id="_3c8dc72ac1a36d74abd192598ed6fe69_TusksAttack2_2-input">
        <float_array id="_3c8dc72ac1a36d74abd192598ed6fe69_TusksAttack2_2-input-array" count="40">0.000000 0.066600 0.100000 0.133300 0.166600 0.200000 0.233300 0.266600 0.300000 0.333300 0.366600 0.400000 0.433300 0.466600 0.500000 0.533300 0.566600 0.600000 0.633300 0.666600 0.700000 0.733300 0.766600 0.800000 0.833300 0.866600 0.900000 0.933300 0.966600 1.000000 1.033300 1.066600 1.100000 1.133300 1.166600 1.200000 1.233300 1.266600 1.300000 1.333300</float_array>
        <technique_common>
          <accessor count="40" source="#_3c8dc72ac1a36d74abd192598ed6fe69_TusksAttack2_2-input-array">
            <param name="TIME" type="float" />
          </accessor>
        </technique_common>
      </source>
      <source id="_3c8dc72ac1a36d74abd192598ed6fe69_TusksAttack2_2-output">
        <float_array id="_3c8dc72ac1a36d74abd192598ed6fe69_TusksAttack2_2-output-array" count="640">

0.002177 0.999689 0.024862 0.019433 
-0.087129 0.024957 -0.995884 1.587000 
-0.996195 0.000001 0.087156 2.719000 
0.000000 0.000000 0.000000 1.000000 

0.001930 0.999402 0.034538 0.004879 
-0.087024 0.034575 -0.995606 1.587000 
-0.996204 -0.001084 0.087038 2.711642 
0.000000 0.000000 0.000000 1.000000 

0.001636 0.998894 0.046998 -0.013298 
-0.086771 0.046962 -0.995121 1.587000 
-0.996227 -0.002450 0.086751 2.703193 
0.000000 0.000000 0.000000 1.000000 

0.001313 0.998144 0.060880 -0.033353 
-0.086447 0.060765 -0.994402 1.587000 
-0.996255 -0.003957 0.086367 2.694157 
0.000000 0.000000 0.000000 1.000000 

0.000980 0.997187 0.074943 -0.053712 
-0.086129 0.074749 -0.993476 1.587000 
-0.996284 -0.005482 0.085960 2.684956 
0.000000 0.000000 0.000000 1.000000 

0.000658 0.996124 0.087960 -0.072804 
-0.085888 0.087691 -0.992438 1.587000 
-0.996305 -0.006901 0.085613 2.676008 
0.000000 0.000000 0.000000 1.000000 

0.000375 0.995129 0.098583 -0.088891 
-0.085799 0.098252 -0.991456 1.587000 
-0.996313 -0.008086 0.085418 2.667816 
0.000000 0.000000 0.000000 1.000000 

0.000156 0.994409 0.105597 -0.100407 
-0.085933 0.105220 -0.990729 1.587000 
-0.996301 -0.008920 0.085469 2.660795 
0.000000 0.000000 0.000000 1.000000 

0.000024 0.994179 0.107745 -0.105735 
-0.086361 0.107345 -0.990464 1.587000 
-0.996264 -0.009281 0.085861 2.655380 
0.000000 0.000000 0.000000 1.000000 

0.000001 0.994603 0.103753 -0.103218 
-0.087155 0.103359 -0.990818 1.587000 
-0.996195 -0.009041 0.086684 2.652047 
0.000000 0.000000 0.000000 1.000000 

0.000138 0.995975 0.089630 -0.087982 
-0.088647 0.089290 -0.992053 1.587000 
-0.996063 -0.007809 0.088302 2.651409 
0.000000 0.000000 0.000000 1.000000 

0.000403 0.997912 0.064593 -0.059177 
-0.090935 0.064362 -0.993775 1.587000 
-0.995857 -0.005473 0.090771 2.653368 
0.000000 0.000000 0.000000 1.000000 

0.000691 0.999472 0.032494 -0.021580 
-0.093706 0.032416 -0.995072 1.587000 
-0.995600 -0.002357 0.093679 2.657251 
0.000000 0.000000 0.000000 1.000000 

0.000922 0.999995 -0.002975 0.020272 
-0.096665 -0.002872 -0.995313 1.587000 
-0.995317 0.001205 0.096662 2.662398 
0.000000 0.000000 0.000000 1.000000 

0.001055 0.999272 -0.038125 0.061894 
-0.099513 -0.037831 -0.994317 1.587000 
-0.995036 0.004843 0.099400 2.668166 
0.000000 0.000000 0.000000 1.000000 

0.001089 0.997619 -0.068961 0.098427 
-0.101922 -0.068491 -0.992432 1.587000 
-0.994792 0.008109 0.101605 2.673859 
0.000000 0.000000 0.000000 1.000000 

0.001061 0.995773 -0.091841 0.125394 
-0.103594 -0.091238 -0.990426 1.587000 
-0.994619 0.010565 0.103059 2.678831 
0.000000 0.000000 0.000000 1.000000 

0.001019 0.994672 -0.103084 0.138204 
-0.104221 -0.102417 -0.989267 1.587000 
-0.994554 0.011752 0.103562 2.682431 
0.000000 0.000000 0.000000 1.000000 

0.000981 0.994361 -0.106042 0.140780 
-0.104094 -0.105364 -0.988971 1.587000 
-0.994567 0.012008 0.103404 2.685074 
0.000000 0.000000 0.000000 1.000000 

0.000939 0.994281 -0.106794 0.140468 
-0.103728 -0.106121 -0.988928 1.587000 
-0.994605 0.012006 0.103036 2.687651 
0.000000 0.000000 0.000000 1.000000 

0.000892 0.994413 -0.105554 0.137564 
-0.103149 -0.104899 -0.989119 1.587000 
-0.994666 0.011770 0.102479 2.690171 
0.000000 0.000000 0.000000 1.000000 

0.000843 0.994728 -0.102544 0.132399 
-0.102384 -0.101919 -0.989510 1.587000 
-0.994745 0.011333 0.101759 2.692618 
0.000000 0.000000 0.000000 1.000000 

0.000789 0.995188 -0.097978 0.125276 
-0.101459 -0.097393 -0.990061 1.587000 
-0.994840 0.010722 0.100894 2.695003 
0.000000 0.000000 0.000000 1.000000 

0.000730 0.995754 -0.092048 0.116477 
-0.100396 -0.091510 -0.990730 1.587000 
-0.994947 0.009964 0.099903 2.697332 
0.000000 0.000000 0.000000 1.000000 

0.000664 0.996380 -0.085007 0.106367 
-0.099226 -0.084521 -0.991469 1.587000 
-0.995065 0.009094 0.098811 2.699593 
0.000000 0.000000 0.000000 1.000000 

0.000592 0.997027 -0.077052 0.095232 
-0.097973 -0.076623 -0.992235 1.587000 
-0.995189 0.008137 0.097637 2.701792 
0.000000 0.000000 0.000000 1.000000 

0.000514 0.997660 -0.068370 0.083345 
-0.096659 -0.068001 -0.992992 1.587000 
-0.995317 0.007119 0.096398 2.703938 
0.000000 0.000000 0.000000 1.000000 

0.000430 0.998244 -0.059236 0.071089 
-0.095316 -0.058925 -0.993702 1.587000 
-0.995447 0.006073 0.095124 2.706018 
0.000000 0.000000 0.000000 1.000000 

0.000343 0.998758 -0.049834 0.058738 
-0.093968 -0.049582 -0.994340 1.587000 
-0.995575 0.005024 0.093834 2.708040 
0.000000 0.000000 0.000000 1.000000 

0.000256 0.999185 -0.040356 0.046569 
-0.092634 -0.040159 -0.994890 1.587000 
-0.995700 0.003993 0.092548 2.710010 
0.000000 0.000000 0.000000 1.000000 

0.000173 0.999517 -0.031079 0.034964 
-0.091349 -0.030934 -0.995338 1.587000 
-0.995819 0.003011 0.091299 2.711916 
0.000000 0.000000 0.000000 1.000000 

0.000100 0.999754 -0.022189 0.024197 
-0.090134 -0.022089 -0.995685 1.587000 
-0.995930 0.002099 0.090109 2.713767 
0.000000 0.000000 0.000000 1.000000 

0.000042 0.999904 -0.013882 0.014552 
-0.089010 -0.013823 -0.995935 1.587000 
-0.996031 0.001277 0.089001 2.715569 
0.000000 0.000000 0.000000 1.000000 

0.000007 0.999979 -0.006425 0.006396 
-0.088011 -0.006400 -0.996099 1.587000 
-0.996119 0.000572 0.088009 2.717310 
0.000000 0.000000 0.000000 1.000000 

0.000001 1.000000 -0.000012 0.000008 
-0.087157 -0.000012 -0.996195 1.587000 
-0.996195 0.000002 0.087157 2.718997 
0.000000 0.000000 0.000000 1.000000 

0.000165 0.999985 0.005517 -0.002056 
-0.086661 0.005511 -0.996223 1.587000 
-0.996238 -0.000314 0.086660 2.720064 
0.000000 0.000000 0.000000 1.000000 

0.000564 0.999944 0.010553 0.001083 
-0.086596 0.010562 -0.996188 1.587000 
-0.996243 -0.000352 0.086597 2.720197 
0.000000 0.000000 0.000000 1.000000 

0.001100 0.999882 0.015318 0.007190 
-0.086776 0.015355 -0.996110 1.587000 
-0.996227 -0.000234 0.086782 2.719799 
0.000000 0.000000 0.000000 1.000000 

0.001673 0.999798 0.020027 0.014060 
-0.087015 0.020097 -0.996004 1.587000 
-0.996206 -0.000076 0.087031 2.719266 
0.000000 0.000000 0.000000 1.000000 

0.002176 0.999689 0.024858 0.019427 
-0.087129 0.024953 -0.995885 1.587000 
-0.996195 0.000001 0.087156 2.719000 
0.000000 0.000000 0.000000 1.000000</float_array>
        <technique_common>
          <accessor count="40" source="#_3c8dc72ac1a36d74abd192598ed6fe69_TusksAttack2_2-output-array" stride="16">
            <param name="TRANSFORM" type="float4x4" />
          </accessor>
        </technique_common>
      </source>
      <source id="_3c8dc72ac1a36d74abd192598ed6fe69_TusksAttack2_2-interpolation">
        <Name_array id="_3c8dc72ac1a36d74abd192598ed6fe69_TusksAttack2_2-interpolation-array" count="41">LINEAR LINEAR LINEAR LINEAR LINEAR LINEAR LINEAR LINEAR LINEAR LINEAR LINEAR LINEAR LINEAR LINEAR LINEAR LINEAR LINEAR LINEAR LINEAR LINEAR LINEAR LINEAR LINEAR LINEAR LINEAR LINEAR LINEAR LINEAR LINEAR LINEAR LINEAR LINEAR LINEAR LINEAR LINEAR LINEAR LINEAR LINEAR LINEAR LINEAR LINEAR </Name_array>
        <technique_common>
          <accessor count="41" source="#_3c8dc72ac1a36d74abd192598ed6fe69_TusksAttack2_2-interpolation-array">
            <param name="INTERPOLATION" type="name" />
          </accessor>
        </technique_common>
      </source>
      <sampler id="_3c8dc72ac1a36d74abd192598ed6fe69_TusksAttack2_2-sampler">
        <input semantic="INPUT" source="#_3c8dc72ac1a36d74abd192598ed6fe69_TusksAttack2_2-input" />
        <input semantic="OUTPUT" source="#_3c8dc72ac1a36d74abd192598ed6fe69_TusksAttack2_2-output" />
        <input semantic="INTERPOLATION" source="#_3c8dc72ac1a36d74abd192598ed6fe69_TusksAttack2_2-interpolation" />
      </sampler>
      <channel source="#_3c8dc72ac1a36d74abd192598ed6fe69_TusksAttack2_2-sampler" target="_-353410/matrix" />
      <source id="_3c8dc72ac1a36d74abd192598ed6fe69_TusksAttack2_3-input">
        <float_array id="_3c8dc72ac1a36d74abd192598ed6fe69_TusksAttack2_3-input-array" count="41">0.000000 0.033300 0.066600 0.100000 0.133300 0.166600 0.200000 0.233300 0.266600 0.300000 0.333300 0.366600 0.400000 0.433300 0.466600 0.500000 0.533300 0.566600 0.600000 0.633300 0.666600 0.700000 0.733300 0.766600 0.800000 0.833300 0.866600 0.900000 0.933300 0.966600 1.000000 1.033300 1.066600 1.100000 1.133300 1.166600 1.200000 1.233300 1.266600 1.300000 1.333300</float_array>
        <technique_common>
          <accessor count="41" source="#_3c8dc72ac1a36d74abd192598ed6fe69_TusksAttack2_3-input-array">
            <param name="TIME" type="float" />
          </accessor>
        </technique_common>
      </source>
      <source id="_3c8dc72ac1a36d74abd192598ed6fe69_TusksAttack2_3-output">
        <float_array id="_3c8dc72ac1a36d74abd192598ed6fe69_TusksAttack2_3-output-array" count="656">

0.002177 -0.087129 -0.996195 2.689048 
0.999689 0.024957 0.000001 -0.000004 
0.024862 -0.995884 0.087156 -0.235262 
0.000000 0.000000 0.000000 1.000000 

0.002177 -0.087129 -0.996195 2.689051 
0.999689 0.024952 0.000002 -0.000006 
0.024857 -0.995884 0.087156 -0.235262 
0.000000 0.000000 0.000000 1.000000 

0.001930 -0.087024 -0.996205 2.681754 
0.999402 0.034575 -0.001084 0.002917 
0.034538 -0.995606 0.087038 -0.234305 
0.000000 0.000000 0.000000 1.000000 

0.001636 -0.086771 -0.996227 2.673398 
0.998894 0.046962 -0.002450 0.006574 
0.046997 -0.995121 0.086751 -0.232800 
0.000000 0.000000 0.000000 1.000000 

0.001313 -0.086447 -0.996256 2.664471 
0.998144 0.060764 -0.003957 0.010583 
0.060878 -0.994402 0.086367 -0.230987 
0.000000 0.000000 0.000000 1.000000 

0.000980 -0.086129 -0.996284 2.655382 
0.997187 0.074749 -0.005482 0.014610 
0.074943 -0.993476 0.085960 -0.229107 
0.000000 0.000000 0.000000 1.000000 

0.000658 -0.085888 -0.996305 2.646525 
0.996124 0.087691 -0.006901 0.018333 
0.087959 -0.992438 0.085613 -0.227416 
0.000000 0.000000 0.000000 1.000000 

0.000375 -0.085799 -0.996312 2.638385 
0.995129 0.098251 -0.008086 0.021414 
0.098583 -0.991456 0.085418 -0.226200 
0.000000 0.000000 0.000000 1.000000 

0.000156 -0.085932 -0.996301 2.631357 
0.994409 0.105220 -0.008920 0.023559 
0.105598 -0.990729 0.085468 -0.225733 
0.000000 0.000000 0.000000 1.000000 

0.000024 -0.086361 -0.996264 2.625861 
0.994178 0.107345 -0.009281 0.024463 
0.107745 -0.990464 0.085861 -0.226305 
0.000000 0.000000 0.000000 1.000000 

0.000001 -0.087155 -0.996195 2.622355 
0.994603 0.103358 -0.009041 0.023800 
0.103753 -0.990819 0.086684 -0.228186 
0.000000 0.000000 0.000000 1.000000 

0.000138 -0.088647 -0.996063 2.621381 
0.995975 0.089291 -0.007809 0.020551 
0.089632 -0.992053 0.088302 -0.232389 
0.000000 0.000000 0.000000 1.000000 

0.000404 -0.090934 -0.995857 2.622791 
0.997912 0.064362 -0.005473 0.014414 
0.064593 -0.993775 0.090771 -0.239063 
0.000000 0.000000 0.000000 1.000000 

0.000691 -0.093706 -0.995600 2.625976 
0.999472 0.032416 -0.002357 0.006216 
0.032494 -0.995072 0.093679 -0.247086 
0.000000 0.000000 0.000000 1.000000 

0.000922 -0.096665 -0.995317 2.630352 
0.999995 -0.002872 0.001205 -0.003185 
-0.002975 -0.995313 0.096662 -0.255451 
0.000000 0.000000 0.000000 1.000000 

0.001055 -0.099513 -0.995036 2.635348 
0.999273 -0.037831 0.004843 -0.012826 
-0.038125 -0.994317 0.099400 -0.263262 
0.000000 0.000000 0.000000 1.000000 

0.001089 -0.101922 -0.994792 2.640364 
0.997619 -0.068490 0.008109 -0.021524 
-0.068960 -0.992432 0.101605 -0.269679 
0.000000 0.000000 0.000000 1.000000 

0.001061 -0.103594 -0.994619 2.644860 
0.995773 -0.091239 0.010566 -0.028096 
-0.091842 -0.990426 0.103059 -0.274051 
0.000000 0.000000 0.000000 1.000000 

0.001019 -0.104221 -0.994554 2.648261 
0.994672 -0.102417 0.011752 -0.031293 
-0.103085 -0.989267 0.103562 -0.275760 
0.000000 0.000000 0.000000 1.000000 

0.000981 -0.104094 -0.994567 2.650921 
0.994361 -0.105364 0.012008 -0.032007 
-0.106041 -0.988971 0.103404 -0.275612 
0.000000 0.000000 0.000000 1.000000 

0.000938 -0.103728 -0.994605 2.653587 
0.994281 -0.106122 0.012006 -0.032031 
-0.106795 -0.988928 0.103036 -0.274897 
0.000000 0.000000 0.000000 1.000000 

0.000892 -0.103149 -0.994666 2.656260 
0.994413 -0.104900 0.011770 -0.031433 
-0.105555 -0.989119 0.102479 -0.273671 
0.000000 0.000000 0.000000 1.000000 

0.000843 -0.102384 -0.994745 2.658900 
0.994728 -0.101920 0.011333 -0.030293 
-0.102544 -0.989510 0.101759 -0.271995 
0.000000 0.000000 0.000000 1.000000 

0.000789 -0.101459 -0.994840 2.661530 
0.995188 -0.097392 0.010722 -0.028685 
-0.097977 -0.990061 0.100894 -0.269925 
0.000000 0.000000 0.000000 1.000000 

0.000730 -0.100396 -0.994947 2.664130 
0.995754 -0.091510 0.009964 -0.026681 
-0.092048 -0.990730 0.099903 -0.267505 
0.000000 0.000000 0.000000 1.000000 

0.000664 -0.099226 -0.995065 2.666693 
0.996380 -0.084521 0.009094 -0.024370 
-0.085006 -0.991469 0.098811 -0.264805 
0.000000 0.000000 0.000000 1.000000 

0.000593 -0.097973 -0.995189 2.669218 
0.997027 -0.076623 0.008137 -0.021824 
-0.077051 -0.992235 0.097637 -0.261873 
0.000000 0.000000 0.000000 1.000000 

0.000514 -0.096659 -0.995318 2.671701 
0.997660 -0.068002 0.007119 -0.019109 
-0.068371 -0.992992 0.096398 -0.258758 
0.000000 0.000000 0.000000 1.000000 

0.000430 -0.095317 -0.995447 2.674116 
0.998244 -0.058925 0.006073 -0.016315 
-0.059235 -0.993702 0.095124 -0.255535 
0.000000 0.000000 0.000000 1.000000 

0.000343 -0.093967 -0.995575 2.676473 
0.998757 -0.049581 0.005024 -0.013506 
-0.049834 -0.994340 0.093834 -0.252259 
0.000000 0.000000 0.000000 1.000000 

0.000256 -0.092634 -0.995700 2.678780 
0.999185 -0.040159 0.003993 -0.010742 
-0.040357 -0.994890 0.092548 -0.248986 
0.000000 0.000000 0.000000 1.000000 

0.000173 -0.091349 -0.995819 2.680986 
0.999517 -0.030933 0.003011 -0.008107 
-0.031078 -0.995338 0.091299 -0.245800 
0.000000 0.000000 0.000000 1.000000 

0.000100 -0.090134 -0.995930 2.683127 
0.999754 -0.022089 0.002099 -0.005656 
-0.022189 -0.995685 0.090109 -0.242763 
0.000000 0.000000 0.000000 1.000000 

0.000042 -0.089010 -0.996031 2.685198 
0.999904 -0.013823 0.001277 -0.003443 
-0.013882 -0.995935 0.089001 -0.239938 
0.000000 0.000000 0.000000 1.000000 

0.000006 -0.088011 -0.996120 2.687167 
0.999980 -0.006400 0.000572 -0.001543 
-0.006426 -0.996099 0.088009 -0.237417 
0.000000 0.000000 0.000000 1.000000 

0.000001 -0.087157 -0.996194 2.689048 
1.000000 -0.000012 0.000002 -0.000006 
-0.000012 -0.996194 0.087157 -0.235265 
0.000000 0.000000 0.000000 1.000000 

0.000165 -0.086661 -0.996238 2.690230 
0.999985 0.005511 -0.000314 0.000848 
0.005517 -0.996223 0.086660 -0.234016 
0.000000 0.000000 0.000000 1.000000 

0.000564 -0.086596 -0.996243 2.690372 
0.999944 0.010562 -0.000352 0.000952 
0.010553 -0.996188 0.086597 -0.233857 
0.000000 0.000000 0.000000 1.000000 

0.001100 -0.086776 -0.996228 2.689943 
0.999882 0.015355 -0.000234 0.000631 
0.015317 -0.996110 0.086782 -0.234324 
0.000000 0.000000 0.000000 1.000000 

0.001673 -0.087015 -0.996206 2.689349 
0.999798 0.020096 -0.000077 0.000206 
0.020026 -0.996004 0.087031 -0.234949 
0.000000 0.000000 0.000000 1.000000 

0.002176 -0.087129 -0.996195 2.689054 
0.999689 0.024952 0.000001 -0.000004 
0.024857 -0.995885 0.087156 -0.235262 
0.000000 0.000000 0.000000 1.000000</float_array>
        <technique_common>
          <accessor count="41" source="#_3c8dc72ac1a36d74abd192598ed6fe69_TusksAttack2_3-output-array" stride="16">
            <param name="TRANSFORM" type="float4x4" />
          </accessor>
        </technique_common>
      </source>
      <source id="_3c8dc72ac1a36d74abd192598ed6fe69_TusksAttack2_3-interpolation">
        <Name_array id="_3c8dc72ac1a36d74abd192598ed6fe69_TusksAttack2_3-interpolation-array" count="41">LINEAR LINEAR LINEAR LINEAR LINEAR LINEAR LINEAR LINEAR LINEAR LINEAR LINEAR LINEAR LINEAR LINEAR LINEAR LINEAR LINEAR LINEAR LINEAR LINEAR LINEAR LINEAR LINEAR LINEAR LINEAR LINEAR LINEAR LINEAR LINEAR LINEAR LINEAR LINEAR LINEAR LINEAR LINEAR LINEAR LINEAR LINEAR LINEAR LINEAR LINEAR </Name_array>
        <technique_common>
          <accessor count="41" source="#_3c8dc72ac1a36d74abd192598ed6fe69_TusksAttack2_3-interpolation-array">
            <param name="INTERPOLATION" type="name" />
          </accessor>
        </technique_common>
      </source>
      <sampler id="_3c8dc72ac1a36d74abd192598ed6fe69_TusksAttack2_3-sampler">
        <input semantic="INPUT" source="#_3c8dc72ac1a36d74abd192598ed6fe69_TusksAttack2_3-input" />
        <input semantic="OUTPUT" source="#_3c8dc72ac1a36d74abd192598ed6fe69_TusksAttack2_3-output" />
        <input semantic="INTERPOLATION" source="#_3c8dc72ac1a36d74abd192598ed6fe69_TusksAttack2_3-interpolation" />
      </sampler>
      <channel source="#_3c8dc72ac1a36d74abd192598ed6fe69_TusksAttack2_3-sampler" target="_-353416/matrix" />
      <source id="_3c8dc72ac1a36d74abd192598ed6fe69_TusksAttack2_4-input">
        <float_array id="_3c8dc72ac1a36d74abd192598ed6fe69_TusksAttack2_4-input-array" count="2">0.000000 1.333300</float_array>
        <technique_common>
          <accessor count="2" source="#_3c8dc72ac1a36d74abd192598ed6fe69_TusksAttack2_4-input-array">
            <param name="TIME" type="float" />
          </accessor>
        </technique_common>
      </source>
      <source id="_3c8dc72ac1a36d74abd192598ed6fe69_TusksAttack2_4-output">
        <float_array id="_3c8dc72ac1a36d74abd192598ed6fe69_TusksAttack2_4-output-array" count="32">

0.000001 1.000000 -0.000001 0.000000 
0.000000 0.000001 1.000000 0.000000 
1.000000 -0.000001 0.000000 0.000000 
0.000000 0.000000 0.000000 1.000000 

0.000001 1.000000 -0.000001 0.000000 
0.000000 0.000001 1.000000 0.000000 
1.000000 -0.000001 0.000000 0.000000 
0.000000 0.000000 0.000000 1.000000</float_array>
        <technique_common>
          <accessor count="2" source="#_3c8dc72ac1a36d74abd192598ed6fe69_TusksAttack2_4-output-array" stride="16">
            <param name="TRANSFORM" type="float4x4" />
          </accessor>
        </technique_common>
      </source>
      <source id="_3c8dc72ac1a36d74abd192598ed6fe69_TusksAttack2_4-interpolation">
        <Name_array id="_3c8dc72ac1a36d74abd192598ed6fe69_TusksAttack2_4-interpolation-array" count="41">LINEAR LINEAR LINEAR LINEAR LINEAR LINEAR LINEAR LINEAR LINEAR LINEAR LINEAR LINEAR LINEAR LINEAR LINEAR LINEAR LINEAR LINEAR LINEAR LINEAR LINEAR LINEAR LINEAR LINEAR LINEAR LINEAR LINEAR LINEAR LINEAR LINEAR LINEAR LINEAR LINEAR LINEAR LINEAR LINEAR LINEAR LINEAR LINEAR LINEAR LINEAR </Name_array>
        <technique_common>
          <accessor count="41" source="#_3c8dc72ac1a36d74abd192598ed6fe69_TusksAttack2_4-interpolation-array">
            <param name="INTERPOLATION" type="name" />
          </accessor>
        </technique_common>
      </source>
      <sampler id="_3c8dc72ac1a36d74abd192598ed6fe69_TusksAttack2_4-sampler">
        <input semantic="INPUT" source="#_3c8dc72ac1a36d74abd192598ed6fe69_TusksAttack2_4-input" />
        <input semantic="OUTPUT" source="#_3c8dc72ac1a36d74abd192598ed6fe69_TusksAttack2_4-output" />
        <input semantic="INTERPOLATION" source="#_3c8dc72ac1a36d74abd192598ed6fe69_TusksAttack2_4-interpolation" />
      </sampler>
      <channel source="#_3c8dc72ac1a36d74abd192598ed6fe69_TusksAttack2_4-sampler" target="_-353508/matrix" />
      <source id="_3c8dc72ac1a36d74abd192598ed6fe69_TusksAttack2_5-input">
        <float_array id="_3c8dc72ac1a36d74abd192598ed6fe69_TusksAttack2_5-input-array" count="38">0.000000 0.033300 0.066600 0.100000 0.133300 0.166600 0.200000 0.233300 0.266600 0.300000 0.333300 0.400000 0.433300 0.466600 0.500000 0.533300 0.566600 0.600000 0.633300 0.666600 0.733300 0.766600 0.800000 0.833300 0.866600 0.900000 0.933300 0.966600 1.000000 1.033300 1.066600 1.100000 1.133300 1.200000 1.233300 1.266600 1.300000 1.333300</float_array>
        <technique_common>
          <accessor count="38" source="#_3c8dc72ac1a36d74abd192598ed6fe69_TusksAttack2_5-input-array">
            <param name="TIME" type="float" />
          </accessor>
        </technique_common>
      </source>
      <source id="_3c8dc72ac1a36d74abd192598ed6fe69_TusksAttack2_5-output">
        <float_array id="_3c8dc72ac1a36d74abd192598ed6fe69_TusksAttack2_5-output-array" count="608">

0.999900 -0.000815 0.014091 0.695270 
0.000777 0.999996 0.002688 0.127253 
-0.014093 -0.002677 0.999897 0.000003 
0.000000 0.000000 0.000000 1.000000 

0.999981 -0.000801 0.006135 0.695270 
0.000790 0.999998 0.001802 0.127254 
-0.006137 -0.001797 0.999980 0.000002 
0.000000 0.000000 0.000000 1.000000 

0.999997 -0.000793 -0.002115 0.695269 
0.000795 0.999999 0.000884 0.127253 
0.002115 -0.000885 0.999997 0.000001 
0.000000 0.000000 0.000000 1.000000 

0.999946 -0.000793 -0.010391 0.695270 
0.000793 1.000000 -0.000038 0.127253 
0.010391 0.000030 0.999946 0.000001 
0.000000 0.000000 0.000000 1.000000 

0.999831 -0.000800 -0.018347 0.695270 
0.000783 0.999999 -0.000924 0.127254 
0.018348 0.000909 0.999831 0.000000 
0.000000 0.000000 0.000000 1.000000 

0.999669 -0.000813 -0.025715 0.695269 
0.000769 0.999998 -0.001744 0.127253 
0.025716 0.001724 0.999668 -0.000001 
0.000000 0.000000 0.000000 1.000000 

0.999481 -0.000830 -0.032219 0.695269 
0.000751 0.999997 -0.002468 0.127253 
0.032221 0.002442 0.999478 -0.000002 
0.000000 0.000000 0.000000 1.000000 

0.999301 -0.000848 -0.037373 0.695269 
0.000734 0.999995 -0.003070 0.127254 
0.037375 0.003041 0.999297 -0.000002 
0.000000 0.000000 0.000000 1.000000 

0.999154 -0.000864 -0.041119 0.695270 
0.000719 0.999994 -0.003535 0.127253 
0.041122 0.003503 0.999148 -0.000002 
0.000000 0.000000 0.000000 1.000000 

0.999043 -0.000876 -0.043721 0.695269 
0.000709 0.999992 -0.003834 0.127253 
0.043724 0.003799 0.999036 -0.000003 
0.000000 0.000000 0.000000 1.000000 

0.998968 -0.000885 -0.045423 0.695269 
0.000707 0.999992 -0.003934 0.127254 
0.045426 0.003898 0.998960 -0.000003 
0.000000 0.000000 0.000000 1.000000 

0.999188 -0.000864 -0.040276 0.695270 
0.000767 0.999997 -0.002414 0.127253 
0.040278 0.002381 0.999186 -0.000001 
0.000000 0.000000 0.000000 1.000000 

0.999510 -0.000862 -0.031276 0.695270 
0.000789 0.999997 -0.002369 0.127253 
0.031278 0.002343 0.999508 -0.000001 
0.000000 0.000000 0.000000 1.000000 

0.999787 -0.000862 -0.020612 0.695269 
0.000812 0.999997 -0.002450 0.127253 
0.020615 0.002433 0.999785 -0.000001 
0.000000 0.000000 0.000000 1.000000 

0.999956 -0.000860 -0.009330 0.695269 
0.000836 0.999996 -0.002601 0.127253 
0.009332 0.002593 0.999953 -0.000002 
0.000000 0.000000 0.000000 1.000000 

0.999999 -0.000856 0.001424 0.695270 
0.000860 0.999996 -0.002767 0.127253 
-0.001422 0.002768 0.999995 -0.000002 
0.000000 0.000000 0.000000 1.000000 

0.999943 -0.000851 0.010603 0.695269 
0.000881 0.999995 -0.002893 0.127253 
-0.010601 0.002902 0.999940 -0.000002 
0.000000 0.000000 0.000000 1.000000 

0.999853 -0.000846 0.017142 0.695269 
0.000896 0.999995 -0.002925 0.127254 
-0.017139 0.002939 0.999849 -0.000002 
0.000000 0.000000 0.000000 1.000000 

0.999787 -0.000843 0.020643 0.695270 
0.000902 0.999996 -0.002857 0.127253 
-0.020640 0.002875 0.999783 -0.000002 
0.000000 0.000000 0.000000 1.000000 

0.999759 -0.000841 0.021921 0.695269 
0.000901 0.999996 -0.002733 0.127254 
-0.021918 0.002752 0.999756 -0.000002 
0.000000 0.000000 0.000000 1.000000 

0.999792 -0.000838 0.020386 0.695270 
0.000887 0.999997 -0.002383 0.127253 
-0.020384 0.002401 0.999789 -0.000001 
0.000000 0.000000 0.000000 1.000000 

0.999822 -0.000836 0.018868 0.695270 
0.000878 0.999997 -0.002190 0.127254 
-0.018867 0.002206 0.999820 -0.000001 
0.000000 0.000000 0.000000 1.000000 

0.999843 -0.000834 0.017710 0.695270 
0.000870 0.999998 -0.002006 0.127254 
-0.017709 0.002021 0.999841 -0.000001 
0.000000 0.000000 0.000000 1.000000 

0.999860 -0.000832 0.016693 0.695270 
0.000863 0.999998 -0.001824 0.127253 
-0.016692 0.001838 0.999859 -0.000001 
0.000000 0.000000 0.000000 1.000000 

0.999883 -0.000830 0.015250 0.695269 
0.000855 0.999998 -0.001630 0.127254 
-0.015249 0.001643 0.999882 -0.000001 
0.000000 0.000000 0.000000 1.000000 

0.999908 -0.000827 0.013518 0.695270 
0.000847 0.999999 -0.001428 0.127253 
-0.013517 0.001440 0.999908 -0.000001 
0.000000 0.000000 0.000000 1.000000 

0.999932 -0.000824 0.011649 0.695270 
0.000838 0.999999 -0.001226 0.127253 
-0.011648 0.001235 0.999931 0.000000 
0.000000 0.000000 0.000000 1.000000 

0.999952 -0.000820 0.009779 0.695270 
0.000831 0.999999 -0.001027 0.127254 
-0.009779 0.001035 0.999952 0.000000 
0.000000 0.000000 0.000000 1.000000 

0.999967 -0.000817 0.008047 0.695270 
0.000824 0.999999 -0.000838 0.127253 
-0.008046 0.000844 0.999967 0.000000 
0.000000 0.000000 0.000000 1.000000 

0.999981 -0.000813 0.006085 0.695270 
0.000817 0.999999 -0.000690 0.127254 
-0.006084 0.000695 0.999981 0.000000 
0.000000 0.000000 0.000000 1.000000 

0.999993 -0.000808 0.003769 0.695269 
0.000810 0.999999 -0.000579 0.127253 
-0.003769 0.000582 0.999993 0.000000 
0.000000 0.000000 0.000000 1.000000 

0.999998 -0.000804 0.001624 0.695269 
0.000804 1.000000 -0.000458 0.127253 
-0.001623 0.000460 0.999999 0.000000 
0.000000 0.000000 0.000000 1.000000 

1.000000 -0.000799 0.000192 0.695269 
0.000800 1.000000 -0.000280 0.127254 
-0.000192 0.000280 1.000000 0.000000 
0.000000 0.000000 0.000000 1.000000 

0.999999 -0.000795 0.001400 0.695269 
0.000794 1.000000 0.000423 0.127254 
-0.001401 -0.000422 0.999999 0.000001 
0.000000 0.000000 0.000000 1.000000 

0.999992 -0.000797 0.004039 0.695270 
0.000793 0.999999 0.000945 0.127253 
-0.004039 -0.000941 0.999991 0.000001 
0.000000 0.000000 0.000000 1.000000 

0.999973 -0.000801 0.007385 0.695270 
0.000790 0.999999 0.001525 0.127254 
-0.007386 -0.001519 0.999972 0.000002 
0.000000 0.000000 0.000000 1.000000 

0.999940 -0.000807 0.010919 0.695269 
0.000784 0.999997 0.002122 0.127254 
-0.010920 -0.002113 0.999938 0.000003 
0.000000 0.000000 0.000000 1.000000 

0.999900 -0.000815 0.014088 0.695270 
0.000777 0.999996 0.002688 0.127253 
-0.014090 -0.002676 0.999897 0.000003 
0.000000 0.000000 0.000000 1.000000</float_array>
        <technique_common>
          <accessor count="38" source="#_3c8dc72ac1a36d74abd192598ed6fe69_TusksAttack2_5-output-array" stride="16">
            <param name="TRANSFORM" type="float4x4" />
          </accessor>
        </technique_common>
      </source>
      <source id="_3c8dc72ac1a36d74abd192598ed6fe69_TusksAttack2_5-interpolation">
        <Name_array id="_3c8dc72ac1a36d74abd192598ed6fe69_TusksAttack2_5-interpolation-array" count="41">LINEAR LINEAR LINEAR LINEAR LINEAR LINEAR LINEAR LINEAR LINEAR LINEAR LINEAR LINEAR LINEAR LINEAR LINEAR LINEAR LINEAR LINEAR LINEAR LINEAR LINEAR LINEAR LINEAR LINEAR LINEAR LINEAR LINEAR LINEAR LINEAR LINEAR LINEAR LINEAR LINEAR LINEAR LINEAR LINEAR LINEAR LINEAR LINEAR LINEAR LINEAR </Name_array>
        <technique_common>
          <accessor count="41" source="#_3c8dc72ac1a36d74abd192598ed6fe69_TusksAttack2_5-interpolation-array">
            <param name="INTERPOLATION" type="name" />
          </accessor>
        </technique_common>
      </source>
      <sampler id="_3c8dc72ac1a36d74abd192598ed6fe69_TusksAttack2_5-sampler">
        <input semantic="INPUT" source="#_3c8dc72ac1a36d74abd192598ed6fe69_TusksAttack2_5-input" />
        <input semantic="OUTPUT" source="#_3c8dc72ac1a36d74abd192598ed6fe69_TusksAttack2_5-output" />
        <input semantic="INTERPOLATION" source="#_3c8dc72ac1a36d74abd192598ed6fe69_TusksAttack2_5-interpolation" />
      </sampler>
      <channel source="#_3c8dc72ac1a36d74abd192598ed6fe69_TusksAttack2_5-sampler" target="_-353512/matrix" />
      <source id="_3c8dc72ac1a36d74abd192598ed6fe69_TusksAttack2_6-input">
        <float_array id="_3c8dc72ac1a36d74abd192598ed6fe69_TusksAttack2_6-input-array" count="41">0.000000 0.033300 0.066600 0.100000 0.133300 0.166600 0.200000 0.233300 0.266600 0.300000 0.333300 0.366600 0.400000 0.433300 0.466600 0.500000 0.533300 0.566600 0.600000 0.633300 0.666600 0.700000 0.733300 0.766600 0.800000 0.833300 0.866600 0.900000 0.933300 0.966600 1.000000 1.033300 1.066600 1.100000 1.133300 1.166600 1.200000 1.233300 1.266600 1.300000 1.333300</float_array>
        <technique_common>
          <accessor count="41" source="#_3c8dc72ac1a36d74abd192598ed6fe69_TusksAttack2_6-input-array">
            <param name="TIME" type="float" />
          </accessor>
        </technique_common>
      </source>
      <source id="_3c8dc72ac1a36d74abd192598ed6fe69_TusksAttack2_6-output">
        <float_array id="_3c8dc72ac1a36d74abd192598ed6fe69_TusksAttack2_6-output-array" count="656">

0.070247 0.997388 0.016810 -0.701425 
0.997288 -0.070590 0.020807 -0.127849 
0.021940 0.015303 -0.999642 0.424407 
0.000000 0.000000 0.000000 1.000000 

0.070396 0.997480 0.008867 -0.698024 
0.997309 -0.070561 0.019925 -0.127477 
0.020501 0.007440 -0.999762 0.430088 
0.000000 0.000000 0.000000 1.000000 

0.087270 0.996185 0.000158 -0.694450 
0.995841 -0.087244 0.026259 -0.127086 
0.026172 -0.002134 -0.999655 0.435950 
0.000000 0.000000 0.000000 1.000000 

0.105570 0.994374 -0.008631 -0.690817 
0.993854 -0.105216 0.034402 -0.126688 
0.033300 -0.012210 -0.999371 0.441799 
0.000000 0.000000 0.000000 1.000000 

0.124050 0.992129 -0.017069 -0.687279 
0.991425 -0.123213 0.043523 -0.126301 
0.041077 -0.022321 -0.998907 0.447394 
0.000000 0.000000 0.000000 1.000000 

0.141895 0.989570 -0.024822 -0.683961 
0.988677 -0.140441 0.052856 -0.125938 
0.048819 -0.032041 -0.998293 0.452551 
0.000000 0.000000 0.000000 1.000000 

0.158186 0.986904 -0.031590 -0.681001 
0.985824 -0.156039 0.061664 -0.125613 
0.055927 -0.040896 -0.997597 0.457083 
0.000000 0.000000 0.000000 1.000000 

0.172157 0.984378 -0.036894 -0.678634 
0.983131 -0.169349 0.069104 -0.125341 
0.061776 -0.048168 -0.996927 0.460665 
0.000000 0.000000 0.000000 1.000000 

0.183011 0.982267 -0.040721 -0.676902 
0.980906 -0.179671 0.074442 -0.125129 
0.065805 -0.053567 -0.996394 0.463265 
